255.48293493884375
241.06723457877843
239.367634484082
237.8079244475057
236.37659044970943
235.06306616301276
233.8576549491393
232.75145827714167
231.73631003307773
230.80471623650166
229.94979971874787
229.16524935461436
228.44527347266597
227.78455710022524
227.17822272742671
226.6217943006891
226.11116417979937
225.64256281468113
225.21253091799616
224.81789392815338
224.45573857420703
224.12339136964252
223.81839887628783
223.53850959265566
223.28165733301324
223.0459459744815
222.82963545956437
222.6311289507768
222.44896104254482
222.28178694335637
222.1283725483034
