93.84030796937832
91.22833267765459
90.86982870244799
90.5469875396419
90.25626156835547
89.99445607352392
89.75869413997287
89.54638503871628
89.35519575808279
89.18302536683342
89.02798192755301
88.8883617066227
88.76263045231678
88.64940653529383
88.54744576621704
88.45562772366846
88.37294344211794
88.298484324653
88.23143215863436
88.17105012456166
88.11667469934805
88.06770836503078
88.02361304279556
87.98390418016294
87.94814542636213
87.91594383738143
87.88694555800464
87.86083193338449
87.83731600742414
87.81613936948831
87.79706931479342
