260.6720031112321
248.47149903542456
246.1064619279592
243.94096693213245
241.9581783483303
240.14268093289752
238.4803600519074
236.95829194655732
235.56464325705514
234.28857902384237
233.12017845090708
232.05035777628598
231.07079965011062
230.17388847114498
229.35265117908713
228.60070304232258
227.91219801965508
227.28178331010074
226.70455773739138
226.1760336456468
225.69210200997225
225.2490004907328
224.84328418314195
224.47179883475565
224.1316563226512
223.82021219963718
223.53504513492703
223.27393808943705
223.03486107935595
222.8159553939806
222.6155191451192
